255 255 255
255 255 253
255 255 251
255 255 249
255 255 247
255 255 245
255 255 243
255 255 241
255 255 239
255 255 237
255 255 235
255 255 233
255 255 231
255 255 229
255 255 227
255 255 225
255 255 223
255 255 221
255 255 219
255 255 217
255 255 215
255 255 213
255 255 211
255 255 209
255 255 207
255 255 205
255 255 203
255 255 201
255 255 199
255 255 197
255 255 195
255 255 193
255 255 191
255 255 189
255 255 187
255 255 185
255 255 183
255 255 181
255 255 179
255 255 177
255 255 175
255 255 173
255 255 172
255 255 170
255 255 168
255 255 166
255 255 164
255 255 162
255 255 160
255 255 158
255 255 156
255 255 154
255 255 152
255 255 150
255 255 148
255 255 146
255 255 144
255 255 142
255 255 140
255 255 138
255 255 136
255 255 134
255 255 132
255 255 130
255 255 128
255 253 126
255 251 124
255 249 122
255 247 120
255 245 118
255 242 116
255 241 114
255 238 112
255 237 110
255 235 108
255 233 106
255 231 104
255 229 102
255 227 100
255 225 98
255 223 96
255 221 94
255 219 92
255 217 90
255 215 88
255 213 86
255 211 84
255 209 81
255 207 79
255 205 77
255 203 75
255 201 73
255 199 71
255 197 69
255 195 67
255 193 65
255 191 63
255 189 61
255 187 59
255 185 57
255 183 55
255 181 53
255 179 51
255 177 49
255 175 47
255 173 45
255 171 43
255 169 41
255 167 39
255 165 37
255 163 35
255 161 33
255 159 31
255 157 29
255 155 27
255 153 25
255 151 23
255 149 21
255 147 19
255 145 17
255 143 15
255 141 13
255 138 11
255 136 9
255 134 7
255 132 5
255 131 3
255 129 1
254 126 0
252 125 0
250 122 0
248 121 0
246 118 0
244 116 0
242 115 0
240 113 0
238 111 0
236 109 0
234 107 0
232 105 0
230 102 0
228 100 0
227 98 0
225 97 0
223 94 0
221 93 0
219 91 0
217 89 0
215 87 0
213 84 0
211 83 0
209 81 0
207 79 0
205 77 0
203 75 0
201 73 0
199 70 0
197 68 0
195 66 0
193 64 0
191 63 0
189 61 0
187 59 0
185 57 0
183 54 0
181 52 0
179 51 0
177 49 0
175 47 0
174 44 0
172 42 0
170 40 0
168 39 0
166 37 0
164 34 0
162 33 0
160 31 0
158 29 0
156 27 0
154 25 0
152 22 0
150 20 0
148 18 0
146 17 0
144 14 0
142 13 0
140 11 0
138 9 0
136 6 0
134 4 0
132 2 0
130 0 0
128 0 0
126 0 0
124 0 0
122 0 0
120 0 0
118 0 0
116 0 0
114 0 0
112 0 0
110 0 0
108 0 0
106 0 0
104 0 0
102 0 0
100 0 0
98 0 0
96 0 0
94 0 0
92 0 0
90 0 0
88 0 0
86 0 0
83 0 0
81 0 0
79 0 0
77 0 0
75 0 0
73 0 0
71 0 0
69 0 0
67 0 0
65 0 0
63 0 0
61 0 0
59 0 0
57 0 0
55 0 0
53 0 0
51 0 0
49 0 0
47 0 0
45 0 0
43 0 0
41 0 0
39 0 0
37 0 0
35 0 0
33 0 0
31 0 0
29 0 0
26 0 0
24 0 0
22 0 0
20 0 0
18 0 0
16 0 0
14 0 0
12 0 0
10 0 0
8 0 0
6 0 0
4 0 0
2 0 0
0 0 0