255 255 255
253 254 253
250 253 250
248 252 248
245 251 245
243 250 243
240 249 240
238 248 238
236 247 236
233 246 233
231 246 231
228 245 228
226 244 226
223 243 223
221 242 221
219 241 219
216 240 216
214 239 214
211 238 211
209 237 209
207 236 207
204 235 204
202 234 202
199 233 199
197 232 197
194 231 194
192 230 192
190 229 190
187 229 187
185 228 185
182 227 182
180 226 180
177 225 177
175 224 175
173 223 173
170 222 170
168 221 168
165 220 165
163 219 163
160 218 160
158 217 158
156 216 156
153 215 153
151 214 151
148 213 148
146 212 146
143 212 143
141 211 141
139 210 139
136 209 136
134 208 134
131 207 131
129 206 129
127 205 127
124 204 124
122 203 122
119 202 119
117 201 117
114 200 114
112 199 112
110 198 110
107 197 107
105 196 105
102 195 102
100 194 100
99 193 99
98 192 98
97 191 97
96 191 96
95 190 95
94 189 94
93 188 93
92 187 92
91 186 91
90 185 90
89 184 89
88 183 88
87 182 87
86 181 86
85 180 85
84 179 84
83 178 83
82 177 82
81 176 81
80 175 80
79 174 79
78 173 78
77 172 77
76 171 76
75 170 75
74 169 74
73 168 73
72 167 72
71 166 71
70 165 70
69 164 69
68 163 68
67 162 67
66 161 66
65 160 65
64 159 64
63 158 63
62 157 62
60 156 61
59 155 60
58 154 59
57 153 58
56 152 57
55 151 56
54 150 55
53 149 54
52 148 53
51 147 52
50 146 51
49 145 50
48 144 49
47 143 48
46 142 47
45 141 46
44 140 45
43 139 44
42 138 43
41 137 42
40 136 41
39 135 40
38 134 39
37 133 38
36 132 37
35 131 36
35 130 36
34 130 35
34 129 35
33 128 34
33 128 34
32 127 33
32 126 33
31 126 32
31 125 32
31 124 31
30 123 31
30 123 30
29 122 30
29 121 29
28 121 29
28 120 28
27 119 28
27 119 27
26 118 27
26 117 26
25 117 26
25 116 25
24 115 25
24 115 24
23 114 24
23 113 23
22 113 23
22 112 23
21 111 22
21 110 22
20 110 21
20 109 21
20 108 20
19 108 20
19 107 19
18 106 19
18 106 18
17 105 18
17 104 17
16 104 17
16 103 16
15 102 16
15 102 15
14 101 15
14 100 14
13 100 14
13 99 13
12 98 13
12 97 12
11 97 12
11 96 11
10 95 11
10 95 10
9 94 10
9 93 9
8 93 9
8 92 8
8 91 8
7 91 7
7 90 7
6 89 7
6 89 6
5 88 6
5 87 5
5 87 5
5 86 5
5 86 5
5 85 5
5 85 5
4 84 5
4 84 5
4 83 5
4 83 5
4 82 4
4 82 4
4 81 4
4 81 4
4 80 4
4 80 4
4 79 4
4 79 4
4 79 4
3 78 4
3 78 4
3 77 4
3 77 3
3 76 3
3 76 3
3 75 3
3 75 3
3 74 3
3 74 3
3 73 3
3 73 3
3 72 3
2 72 3
2 71 3
2 71 2
2 70 2
2 70 2
2 69 2
2 69 2
2 68 2
2 68 2
2 67 2
2 67 2
2 66 2
1 66 2
1 65 2
1 65 1
1 64 1
1 64 1
1 63 1
1 63 1
1 62 1
1 62 1
1 61 1
1 61 1
1 60 1
1 60 1
0 59 1
0 59 0
0 58 0
0 58 0
0 57 0
0 57 0
0 56 0