255 255 255
254 253 254
253 250 253
252 248 252
251 245 251
250 243 250
249 240 249
248 238 248
247 236 247
246 233 246
246 231 246
245 228 245
244 226 244
243 223 243
242 221 242
241 219 241
240 216 240
239 214 239
238 211 238
237 209 237
236 207 236
235 204 235
234 202 234
233 199 233
232 197 232
231 194 231
230 192 230
229 190 229
229 187 229
228 185 228
227 182 227
226 180 226
225 177 225
224 175 224
223 173 223
222 170 222
221 168 221
220 165 220
219 163 219
218 160 218
217 158 217
216 156 216
215 153 215
214 151 214
213 148 213
212 146 212
212 143 212
211 141 211
210 139 210
209 136 209
208 134 208
207 131 207
206 129 206
205 127 205
204 124 204
203 122 203
202 119 202
201 117 201
200 114 200
199 112 199
198 110 198
197 107 197
196 105 196
195 102 195
194 100 194
193 99 194
192 98 193
191 97 192
191 96 191
190 95 190
189 94 189
188 93 188
187 92 187
186 91 186
185 90 185
184 89 184
183 88 183
182 87 182
181 86 181
180 85 180
179 84 179
178 83 178
177 82 177
176 81 176
175 80 175
174 79 174
173 78 173
172 77 172
171 76 171
170 75 170
169 74 169
168 73 168
167 72 167
166 71 166
165 70 165
164 69 164
163 68 163
162 67 162
161 66 161
160 65 160
159 64 159
158 63 158
157 62 157
156 61 156
155 60 155
154 59 154
153 58 153
152 57 152
151 56 151
150 55 150
149 54 149
148 53 148
147 52 147
146 51 146
145 50 145
144 49 144
143 48 143
142 47 142
141 46 141
140 45 140
139 44 139
138 43 139
137 42 138
136 41 137
135 40 136
134 39 135
133 38 134
132 37 133
131 36 132
130 36 131
130 35 130
129 35 130
128 34 129
128 34 128
127 33 128
126 33 127
126 32 126
125 32 126
124 31 125
123 31 124
123 30 123
122 30 123
121 29 122
121 29 121
120 28 121
119 28 120
119 27 119
118 27 119
117 26 118
117 26 117
116 25 116
115 25 116
115 24 115
114 24 114
113 23 114
113 23 113
112 23 112
111 22 112
110 22 111
110 21 110
109 21 109
108 20 109
108 20 108
107 19 107
106 19 107
106 18 106
105 18 105
104 17 105
104 17 104
103 16 103
102 16 103
102 15 102
101 15 101
100 14 100
100 14 100
99 13 99
98 13 98
97 12 98
97 12 97
96 11 96
95 11 96
95 10 95
94 10 94
93 9 93
93 9 93
92 8 92
91 8 91
91 7 91
90 7 90
89 7 89
89 6 89
88 6 88
87 5 87
87 5 87
86 5 86
86 5 86
85 5 85
85 5 85
84 5 85
84 5 84
83 5 84
83 5 83
82 4 83
82 4 82
81 4 82
81 4 81
80 4 81
80 4 80
79 4 80
79 4 79
79 4 79
78 4 78
78 4 78
77 4 78
77 3 77
76 3 77
76 3 76
75 3 76
75 3 75
74 3 75
74 3 74
73 3 74
73 3 73
72 3 73
72 3 72
71 3 72
71 2 71
70 2 71
70 2 71
69 2 70
69 2 70
68 2 69
68 2 69
67 2 68
67 2 68
66 2 67
66 2 67
65 2 66
65 1 66
64 1 65
64 1 65
63 1 64
63 1 64
62 1 64
62 1 63
61 1 63
61 1 62
60 1 62
60 1 61
59 1 61
59 0 60
58 0 60
58 0 59
57 0 59
57 0 58
56 0 58