255 255 255
254 253 253
253 250 250
252 248 248
251 245 245
250 243 243
249 240 240
248 238 238
247 236 236
246 233 233
246 231 231
245 228 228
244 226 226
243 223 223
242 221 221
241 219 219
240 216 216
239 214 214
238 211 211
237 209 209
236 207 207
235 204 204
234 202 202
233 199 199
232 197 197
231 194 194
230 192 192
229 190 190
229 187 187
228 185 185
227 182 182
226 180 180
225 177 177
224 175 175
223 173 173
222 170 170
221 168 168
220 165 165
219 163 163
218 160 160
217 158 158
216 156 156
215 153 153
214 151 151
213 148 148
212 146 146
212 143 143
211 141 141
210 139 139
209 136 136
208 134 134
207 131 131
206 129 129
205 127 127
204 124 124
203 122 122
202 119 119
201 117 117
200 114 114
199 112 112
198 110 110
197 107 107
196 105 105
195 102 102
194 100 100
193 99 99
192 98 98
191 97 97
191 96 96
190 95 95
189 94 94
188 93 93
187 92 92
186 91 91
185 90 90
184 89 89
183 88 88
182 87 87
181 86 86
180 85 85
179 84 84
178 83 83
177 82 82
176 81 81
175 80 80
174 79 79
173 78 78
172 77 77
171 76 76
170 75 75
169 74 74
168 73 73
167 72 72
166 71 71
165 70 70
164 69 69
163 68 68
162 67 67
161 66 66
160 65 65
159 64 64
158 63 63
157 62 62
156 60 61
155 59 60
154 58 59
153 57 58
152 56 57
151 55 56
150 54 55
149 53 54
148 52 53
147 51 52
146 50 51
145 49 50
144 48 49
143 47 48
142 46 47
141 45 46
140 44 45
139 43 44
138 42 43
137 41 42
136 40 41
135 39 40
134 38 39
133 37 38
132 36 37
131 35 36
130 35 36
130 34 35
129 34 35
128 33 34
128 33 34
127 32 33
126 32 33
126 31 32
125 31 32
124 31 31
123 30 31
123 30 30
122 29 30
121 29 29
121 28 29
120 28 28
119 27 28
119 27 27
118 26 27
117 26 26
117 25 26
116 25 25
115 24 25
115 24 24
114 23 24
113 23 23
113 22 23
112 22 23
111 21 22
110 21 22
110 20 21
109 20 21
108 20 20
108 19 20
107 19 19
106 18 19
106 18 18
105 17 18
104 17 17
104 16 17
103 16 16
102 15 16
102 15 15
101 14 15
100 14 14
100 13 14
99 13 13
98 12 13
97 12 12
97 11 12
96 11 11
95 10 11
95 10 10
94 9 10
93 9 9
93 8 9
92 8 8
91 8 8
91 7 7
90 7 7
89 6 7
89 6 6
88 5 6
87 5 5
87 5 5
86 5 5
86 5 5
85 5 5
85 5 5
84 4 5
84 4 5
83 4 5
83 4 5
82 4 4
82 4 4
81 4 4
81 4 4
80 4 4
80 4 4
79 4 4
79 4 4
79 4 4
78 3 4
78 3 4
77 3 4
77 3 3
76 3 3
76 3 3
75 3 3
75 3 3
74 3 3
74 3 3
73 3 3
73 3 3
72 3 3
72 2 3
71 2 3
71 2 2
70 2 2
70 2 2
69 2 2
69 2 2
68 2 2
68 2 2
67 2 2
67 2 2
66 2 2
66 1 2
65 1 2
65 1 1
64 1 1
64 1 1
63 1 1
63 1 1
62 1 1
62 1 1
61 1 1
61 1 1
60 1 1
60 1 1
59 0 1
59 0 0
58 0 0
58 0 0
57 0 0
57 0 0
56 0 0