255 255 255
253 254 254
250 253 253
248 252 252
245 251 251
243 250 250
240 249 249
238 248 248
236 247 247
233 246 246
231 246 246
228 245 245
226 244 244
223 243 243
221 242 242
219 241 241
216 240 240
214 239 239
211 238 238
209 237 237
207 236 236
204 235 235
202 234 234
199 233 233
197 232 232
194 231 231
192 230 230
190 229 229
187 229 229
185 228 228
182 227 227
180 226 226
177 225 225
175 224 224
173 223 223
170 222 222
168 221 221
165 220 220
163 219 219
160 218 218
158 217 217
156 216 216
153 215 215
151 214 214
148 213 213
146 212 212
143 212 212
141 211 211
139 210 210
136 209 209
134 208 208
131 207 207
129 206 206
127 205 205
124 204 204
122 203 203
119 202 202
117 201 201
114 200 200
112 199 199
110 198 198
107 197 197
105 196 196
102 195 195
100 194 194
99 193 194
98 192 193
97 191 192
96 191 191
95 190 190
94 189 189
93 188 188
92 187 187
91 186 186
90 185 185
89 184 184
88 183 183
87 182 182
86 181 181
85 180 180
84 179 179
83 178 178
82 177 177
81 176 176
80 175 175
79 174 174
78 173 173
77 172 172
76 171 171
75 170 170
74 169 169
73 168 168
72 167 167
71 166 166
70 165 165
69 164 164
68 163 163
67 162 162
66 161 161
65 160 160
64 159 159
63 158 158
62 157 157
61 156 156
60 155 155
59 154 154
58 153 153
57 152 152
56 151 151
55 150 150
54 149 149
53 148 148
52 147 147
51 146 146
50 145 145
49 144 144
48 143 143
47 142 142
46 141 141
45 140 140
44 139 139
43 138 139
42 137 138
41 136 137
40 135 136
39 134 135
38 133 134
37 132 133
36 131 132
36 130 131
35 130 130
35 129 130
34 128 129
34 128 128
33 127 128
33 126 127
32 126 126
32 125 126
31 124 125
31 123 124
30 123 123
30 122 123
29 121 122
29 121 121
28 120 121
28 119 120
27 119 119
27 118 119
26 117 118
26 117 117
25 116 116
25 115 116
24 115 115
24 114 114
23 113 114
23 113 113
23 112 112
22 111 112
22 110 111
21 110 110
21 109 109
20 108 109
20 108 108
19 107 107
19 106 107
18 106 106
18 105 105
17 104 105
17 104 104
16 103 103
16 102 103
15 102 102
15 101 101
14 100 100
14 100 100
13 99 99
13 98 98
12 97 98
12 97 97
11 96 96
11 95 96
10 95 95
10 94 94
9 93 93
9 93 93
8 92 92
8 91 91
7 91 91
7 90 90
7 89 89
6 89 89
6 88 88
5 87 87
5 87 87
5 86 86
5 86 86
5 85 85
5 85 85
5 84 85
5 84 84
5 83 84
5 83 83
4 82 83
4 82 82
4 81 82
4 81 81
4 80 81
4 80 80
4 79 80
4 79 79
4 79 79
4 78 78
4 78 78
4 77 78
3 77 77
3 76 77
3 76 76
3 75 76
3 75 75
3 74 75
3 74 74
3 73 74
3 73 73
3 72 73
3 72 72
3 71 72
2 71 71
2 70 71
2 70 71
2 69 70
2 69 70
2 68 69
2 68 69
2 67 68
2 67 68
2 66 67
2 66 67
2 65 66
1 65 66
1 64 65
1 64 65
1 63 64
1 63 64
1 62 64
1 62 63
1 61 63
1 61 62
1 60 62
1 60 61
1 59 61
0 59 60
0 58 60
0 58 59
0 57 59
0 57 58
0 56 58