255 255 255
253 253 254
250 250 253
248 248 252
245 245 251
243 243 250
240 240 249
238 238 248
236 236 247
233 233 246
231 231 245
228 228 244
226 226 243
223 223 242
221 221 241
219 219 240
216 216 239
214 214 238
211 211 237
209 209 236
207 207 235
204 204 234
202 202 233
199 199 232
197 197 231
194 194 230
192 192 229
190 190 228
187 187 228
185 185 227
182 182 226
180 180 225
177 177 224
175 175 223
173 173 222
170 170 221
168 168 220
165 165 219
163 163 218
160 160 217
158 158 216
156 156 215
153 153 214
151 151 213
148 148 212
146 146 211
143 143 210
141 141 209
139 139 208
136 136 207
134 134 206
131 131 205
129 129 204
127 127 203
124 124 202
122 122 201
119 119 200
117 117 199
114 114 198
112 112 197
110 110 196
107 107 195
105 105 194
102 102 193
100 100 192
99 99 191
98 98 190
97 97 189
96 96 188
95 95 187
94 94 186
93 93 185
92 92 185
91 91 184
90 90 183
89 89 182
88 88 181
87 87 180
86 86 179
85 85 178
84 84 177
83 83 176
82 82 175
81 81 174
80 80 173
79 79 172
78 78 171
77 77 170
76 76 169
75 75 168
74 74 167
73 73 166
72 72 165
71 71 164
70 70 163
69 69 162
68 68 162
67 67 161
66 66 160
65 65 159
64 64 158
63 63 157
62 62 156
61 60 155
60 59 154
59 58 153
58 57 152
57 56 151
56 55 150
55 54 149
54 53 148
53 52 147
52 51 146
51 50 145
50 49 144
49 48 143
48 47 142
47 46 141
46 45 140
45 44 140
44 43 139
43 42 138
42 41 137
41 40 136
40 39 135
39 38 134
38 37 133
37 36 132
36 35 131
36 35 130
35 34 129
35 34 129
34 33 128
34 33 127
33 32 126
33 32 126
32 31 125
32 31 124
31 31 123
31 30 123
30 30 122
30 29 121
29 29 120
29 28 119
28 28 119
28 27 118
27 27 117
27 26 116
26 26 116
26 25 115
25 25 114
25 24 113
24 24 113
24 23 112
23 23 111
23 22 110
23 22 109
22 21 109
22 21 108
21 20 107
21 20 106
20 20 106
20 19 105
19 19 104
19 18 103
18 18 102
18 17 102
17 17 101
17 16 100
16 16 99
16 15 99
15 15 98
15 14 97
14 14 96
14 13 96
13 13 95
13 12 94
12 12 93
12 11 92
11 11 92
11 10 91
10 10 90
10 9 89
9 9 89
9 8 88
8 8 87
8 8 86
7 7 86
7 7 85
7 6 84
6 6 83
6 5 82
5 5 82
5 5 81
5 5 81
5 5 80
5 5 79
5 5 79
5 4 78
5 4 77
5 4 77
5 4 76
4 4 75
4 4 75
4 4 74
4 4 73
4 4 73
4 4 72
4 4 71
4 4 71
4 4 70
4 3 69
4 3 69
4 3 68
3 3 68
3 3 67
3 3 66
3 3 66
3 3 65
3 3 64
3 3 64
3 3 63
3 3 62
3 3 62
3 2 61
3 2 60
2 2 60
2 2 59
2 2 58
2 2 58
2 2 57
2 2 57
2 2 56
2 2 55
2 2 55
2 2 54
2 1 53
2 1 53
1 1 52
1 1 51
1 1 51
1 1 50
1 1 49
1 1 49
1 1 48
1 1 47
1 1 47
1 1 46
1 1 45
1 0 45
0 0 44
0 0 44
0 0 43
0 0 42
0 0 42
0 0 41