255 255 255
254 254 253
253 253 250
252 252 248
251 251 245
250 250 243
249 249 240
248 248 238
247 247 236
246 246 233
246 246 231
245 245 228
244 244 226
243 243 223
242 242 221
241 241 219
240 240 216
239 239 214
238 238 211
237 237 209
236 236 207
235 235 204
234 234 202
233 233 199
232 232 197
231 231 194
230 230 192
229 229 190
229 229 187
228 228 185
227 227 182
226 226 180
225 225 177
224 224 175
223 223 173
222 222 170
221 221 168
220 220 165
219 219 163
218 218 160
217 217 158
216 216 156
215 215 153
214 214 151
213 213 148
212 212 146
212 212 143
211 211 141
210 210 139
209 209 136
208 208 134
207 207 131
206 206 129
205 205 127
204 204 124
203 203 122
202 202 119
201 201 117
200 200 114
199 199 112
198 198 110
197 197 107
196 196 105
195 195 102
194 194 100
193 194 99
192 193 98
191 192 97
191 191 96
190 190 95
189 189 94
188 188 93
187 187 92
186 186 91
185 185 90
184 184 89
183 183 88
182 182 87
181 181 86
180 180 85
179 179 84
178 178 83
177 177 82
176 176 81
175 175 80
174 174 79
173 173 78
172 172 77
171 171 76
170 170 75
169 169 74
168 168 73
167 167 72
166 166 71
165 165 70
164 164 69
163 163 68
162 162 67
161 161 66
160 160 65
159 159 64
158 158 63
157 157 62
156 156 61
155 155 60
154 154 59
153 153 58
152 152 57
151 151 56
150 150 55
149 149 54
148 148 53
147 147 52
146 146 51
145 145 50
144 144 49
143 143 48
142 142 47
141 141 46
140 140 45
139 139 44
138 139 43
137 138 42
136 137 41
135 136 40
134 135 39
133 134 38
132 133 37
131 132 36
130 131 36
130 130 35
129 130 35
128 129 34
128 128 34
127 128 33
126 127 33
126 126 32
125 126 32
124 125 31
123 124 31
123 123 30
122 123 30
121 122 29
121 121 29
120 121 28
119 120 28
119 119 27
118 119 27
117 118 26
117 117 26
116 116 25
115 116 25
115 115 24
114 114 24
113 114 23
113 113 23
112 112 23
111 112 22
110 111 22
110 110 21
109 109 21
108 109 20
108 108 20
107 107 19
106 107 19
106 106 18
105 105 18
104 105 17
104 104 17
103 103 16
102 103 16
102 102 15
101 101 15
100 100 14
100 100 14
99 99 13
98 98 13
97 98 12
97 97 12
96 96 11
95 96 11
95 95 10
94 94 10
93 93 9
93 93 9
92 92 8
91 91 8
91 91 7
90 90 7
89 89 7
89 89 6
88 88 6
87 87 5
87 87 5
86 86 5
86 86 5
85 85 5
85 85 5
84 85 5
84 84 5
83 84 5
83 83 5
82 83 4
82 82 4
81 82 4
81 81 4
80 81 4
80 80 4
79 80 4
79 79 4
79 79 4
78 78 4
78 78 4
77 78 4
77 77 3
76 77 3
76 76 3
75 76 3
75 75 3
74 75 3
74 74 3
73 74 3
73 73 3
72 73 3
72 72 3
71 72 3
71 71 2
70 71 2
70 71 2
69 70 2
69 70 2
68 69 2
68 69 2
67 68 2
67 68 2
66 67 2
66 67 2
65 66 2
65 66 1
64 65 1
64 65 1
63 64 1
63 64 1
62 64 1
62 63 1
61 63 1
61 62 1
60 62 1
60 61 1
59 61 1
59 60 0
58 60 0
58 59 0
57 59 0
57 58 0
56 58 0