145 19 0
146 21 1
147 22 2
148 23 3
149 25 4
150 26 6
151 27 7
152 29 8
153 30 9
154 31 10
155 33 11
156 34 12
157 35 13
158 37 14
159 38 15
160 40 17
161 41 18
162 42 19
163 44 20
164 45 21
165 46 22
166 48 23
167 49 24
168 50 25
169 52 26
170 53 28
171 54 29
172 56 30
173 57 31
174 58 32
175 60 33
176 61 34
177 62 35
178 64 36
179 65 38
180 66 39
181 68 40
182 69 41
183 70 42
184 72 43
185 73 44
186 74 45
187 76 46
187 77 47
188 79 49
189 80 50
190 81 51
191 83 52
192 84 53
193 85 54
194 87 55
195 88 56
196 89 57
197 91 58
198 92 60
199 93 61
200 95 62
201 96 63
202 97 64
203 99 65
204 100 66
205 101 67
206 103 68
207 104 69
208 106 71
209 108 73
210 110 75
210 113 77
211 115 79
212 118 81
213 120 82
213 122 84
214 125 86
215 127 88
216 129 90
216 132 92
217 134 94
218 136 96
219 139 98
219 141 100
220 144 102
221 146 104
222 148 106
222 151 108
223 153 110
224 155 112
225 158 113
225 160 115
226 162 117
227 165 119
228 167 121
228 170 123
229 172 125
230 174 127
231 177 129
231 179 131
232 181 133
233 184 135
234 186 137
234 188 139
235 191 141
236 193 143
237 195 145
237 198 146
238 200 148
239 203 150
240 205 152
240 207 154
241 210 156
242 212 158
243 214 160
243 217 162
244 219 164
245 221 166
246 224 168
246 226 170
247 229 172
248 231 174
249 233 176
249 236 177
250 238 179
251 240 181
252 243 183
252 245 185
253 248 187
254 250 189
255 252 191
255 255 193
254 255 194
251 253 193
249 251 193
246 249 192
243 247 192
240 245 191
237 243 191
234 241 190
231 239 190
228 237 189
225 236 189
223 234 188
220 232 188
217 230 187
214 228 187
211 226 186
208 224 186
205 222 185
202 220 185
200 218 185
197 216 184
194 214 184
191 212 183
188 210 183
185 209 182
182 207 182
179 205 181
176 203 181
174 201 180
171 199 180
168 197 179
165 195 179
162 193 178
159 191 178
156 189 177
153 187 177
150 185 176
148 183 176
145 182 175
142 180 175
139 178 174
136 176 174
133 174 173
130 172 173
127 170 172
125 168 172
122 166 171
119 164 171
116 162 170
113 160 170
110 158 169
107 157 169
104 155 169
101 153 168
99 151 168
96 149 167
93 147 167
90 145 166
87 143 166
84 141 165
81 139 165
78 137 164
75 135 164
73 133 163
71 132 162
71 132 162
70 131 161
69 130 160
68 129 159
68 128 158
67 128 157
66 127 156
65 126 156
65 125 155
64 125 154
63 124 153
62 123 152
62 122 151
61 121 151
60 121 150
59 120 149
59 119 148
58 118 147
57 118 146
56 117 145
56 116 145
55 115 144
54 114 143
53 114 142
53 113 141
52 112 140
51 111 140
50 111 139
50 110 138
49 109 137
48 108 136
47 108 135
47 107 134
46 106 134
45 105 133
44 104 132
43 104 131
43 103 130
42 102 129
41 101 128
40 101 128
40 100 127
39 99 126
38 98 125
37 97 124
37 97 123
36 96 123
35 95 122
34 94 121
34 94 120
33 93 119
32 92 118
31 91 117
31 90 117
30 90 116
29 89 115
28 88 114
28 87 113
27 87 112
26 86 111
25 85 111
25 84 110
24 83 109