255 255 195
255 255 194
255 255 193
255 255 191
255 255 190
255 255 189
255 255 188
255 255 187
255 255 186
255 255 185
255 255 184
255 255 183
255 255 182
255 255 181
255 255 179
255 255 178
255 255 177
255 255 176
255 255 175
255 255 174
255 255 173
255 255 172
255 255 171
255 255 170
255 255 169
255 255 167
255 255 166
255 255 165
255 255 164
255 255 163
255 255 162
255 255 161
255 255 160
255 255 159
255 255 158
255 255 157
255 255 155
255 255 154
255 255 153
255 255 152
255 255 151
255 255 150
255 255 149
255 255 148
255 255 147
255 255 146
255 255 145
255 255 143
255 255 142
255 255 141
255 255 140
255 255 139
255 255 138
255 255 137
255 255 136
255 255 135
255 255 134
255 255 133
255 255 131
255 255 130
255 255 129
255 255 128
255 255 127
255 255 126
255 255 125
253 255 125
251 255 125
249 255 125
247 255 125
245 255 125
242 255 125
241 255 125
238 255 125
237 255 125
235 255 125
233 255 125
231 255 125
229 255 126
227 255 126
225 255 126
223 255 126
221 255 126
219 255 126
217 255 126
215 255 126
213 255 126
211 255 126
209 255 126
207 255 126
205 255 126
203 255 126
201 255 126
199 255 126
197 255 126
195 255 126
193 255 126
191 255 126
189 255 126
187 255 126
185 255 126
183 255 126
181 255 126
179 255 126
177 255 126
175 255 126
173 255 126
171 255 126
169 255 126
167 255 126
165 255 126
163 255 126
161 255 126
159 255 126
157 255 126
155 255 126
153 255 126
151 255 126
149 255 126
147 255 126
145 255 127
143 255 127
141 255 127
138 255 127
136 255 127
134 255 127
132 255 127
131 255 127
129 255 127
126 254 127
125 252 127
122 250 127
121 248 127
118 246 127
116 244 127
115 242 127
113 240 127
111 238 127
109 236 127
107 234 127
105 232 127
102 230 127
100 228 127
98 226 127
97 224 127
94 222 127
93 220 127
91 218 127
89 216 127
87 214 127
84 212 127
83 210 127
81 208 127
79 206 127
77 204 127
75 202 127
73 200 127
70 198 127
68 196 127
66 194 127
64 192 127
63 190 127
61 188 127
59 186 127
57 184 127
54 182 127
52 180 127
51 178 127
49 176 127
47 174 127
44 171 127
42 169 127
40 167 127
39 165 127
37 163 127
34 161 127
33 159 127
31 157 127
29 155 127
27 153 127
25 151 127
22 149 127
20 147 127
18 145 127
17 143 127
14 141 127
13 139 127
11 137 127
9 135 127
6 133 127
4 131 127
2 129 127
0 127 127
0 125 127
0 123 127
0 121 127
0 119 127
0 117 127
0 115 127
0 113 127
0 111 127
0 109 127
0 107 127
0 105 127
0 103 127
0 101 127
0 99 127
0 97 127
0 95 127
0 93 127
0 91 127
0 89 127
0 87 126
0 85 126
0 83 126
0 82 126
0 80 126
0 78 126
0 76 126
0 74 126
0 72 126
0 70 126
0 68 126
0 66 126
0 64 126
0 62 126
0 60 126
0 58 126
0 56 126
0 54 126
0 52 126
0 50 126
0 48 126
0 46 126
0 44 126
0 42 126
0 40 126
0 38 126
0 36 126
0 34 126
0 32 126
0 30 126
0 28 126
0 26 126
0 24 126
0 22 126
0 20 126
0 18 126
0 16 126
0 14 126
0 12 126
0 10 126
0 8 126
0 6 126
0 4 126
0 2 126
0 0 126